490 489
0 1 1.0000000000
1 2 1.0000000000
1 3 1.0000000000
1 4 1.0000000000
1 9 1.0000000000
1 11 1.0000000000
1 66 1.0000000000
2 5 1.0000000000
2 7 1.0000000000
2 25 1.0000000000
3 6 1.0000000000
3 17 1.0000000000
3 24 1.0000000000
3 35 1.0000000000
3 60 1.0000000000
3 63 1.0000000000
4 8 1.0000000000
4 56 1.0000000000
4 68 1.0000000000
5 39 1.0000000000
6 27 1.0000000000
6 28 1.0000000000
6 30 1.0000000000
6 33 1.0000000000
7 20 1.0000000000
7 40 1.0000000000
7 55 1.0000000000
8 15 1.0000000000
9 10 1.0000000000
9 12 1.0000000000
9 13 1.0000000000
9 14 1.0000000000
9 23 1.0000000000
9 47 1.0000000000
10 38 1.0000000000
11 16 1.0000000000
11 19 1.0000000000
12 51 1.0000000000
12 59 1.0000000000
13 18 1.0000000000
13 21 1.0000000000
13 22 1.0000000000
13 26 1.0000000000
13 36 1.0000000000
13 46 1.0000000000
14 31 1.0000000000
14 42 1.0000000000
14 44 1.0000000000
14 49 1.0000000000
16 64 1.0000000000
18 32 1.0000000000
19 62 1.0000000000
21 34 1.0000000000
21 54 1.0000000000
21 65 1.0000000000
22 29 1.0000000000
22 37 1.0000000000
23 43 1.0000000000
23 48 1.0000000000
24 45 1.0000000000
29 57 1.0000000000
29 61 1.0000000000
30 41 1.0000000000
36 50 1.0000000000
41 52 1.0000000000
43 53 1.0000000000
44 69 1.0000000000
49 87 1.0000000000
52 67 1.0000000000
56 58 1.0000000000
70 71 1.0000000000
70 76 1.0000000000
70 217 1.0000000000
71 72 1.0000000000
71 73 1.0000000000
71 75 1.0000000000
71 78 1.0000000000
71 81 1.0000000000
71 82 1.0000000000
71 90 1.0000000000
71 91 1.0000000000
71 94 1.0000000000
71 113 1.0000000000
71 114 1.0000000000
71 116 1.0000000000
71 117 1.0000000000
71 146 1.0000000000
71 159 1.0000000000
71 170 1.0000000000
71 180 1.0000000000
71 200 1.0000000000
71 230 1.0000000000
71 257 1.0000000000
71 274 1.0000000000
71 301 1.0000000000
71 324 1.0000000000
71 330 1.0000000000
71 391 1.0000000000
71 395 1.0000000000
71 397 1.0000000000
71 433 1.0000000000
71 436 1.0000000000
71 442 1.0000000000
71 449 1.0000000000
71 466 1.0000000000
71 467 1.0000000000
71 469 1.0000000000
72 74 1.0000000000
72 87 1.0000000000
72 102 1.0000000000
72 105 1.0000000000
72 106 1.0000000000
72 107 1.0000000000
72 148 1.0000000000
72 149 1.0000000000
72 158 1.0000000000
72 174 1.0000000000
72 182 1.0000000000
72 183 1.0000000000
72 196 1.0000000000
72 197 1.0000000000
72 202 1.0000000000
72 218 1.0000000000
72 234 1.0000000000
72 280 1.0000000000
72 281 1.0000000000
72 282 1.0000000000
72 289 1.0000000000
72 293 1.0000000000
72 298 1.0000000000
72 299 1.0000000000
72 370 1.0000000000
72 393 1.0000000000
72 410 1.0000000000
72 443 1.0000000000
72 451 1.0000000000
73 77 1.0000000000
73 79 1.0000000000
73 93 1.0000000000
73 95 1.0000000000
73 97 1.0000000000
73 110 1.0000000000
73 121 1.0000000000
73 169 1.0000000000
73 227 1.0000000000
73 290 1.0000000000
73 306 1.0000000000
73 404 1.0000000000
73 414 1.0000000000
73 471 1.0000000000
74 84 1.0000000000
74 119 1.0000000000
74 141 1.0000000000
74 244 1.0000000000
74 488 1.0000000000
75 98 1.0000000000
75 253 1.0000000000
76 213 1.0000000000
76 474 1.0000000000
77 85 1.0000000000
77 140 1.0000000000
77 176 1.0000000000
77 243 1.0000000000
77 303 1.0000000000
77 422 1.0000000000
77 477 1.0000000000
78 101 1.0000000000
78 124 1.0000000000
78 216 1.0000000000
78 429 1.0000000000
79 80 1.0000000000
79 83 1.0000000000
79 86 1.0000000000
79 99 1.0000000000
79 127 1.0000000000
79 128 1.0000000000
79 133 1.0000000000
79 150 1.0000000000
79 288 1.0000000000
79 337 1.0000000000
79 369 1.0000000000
79 399 1.0000000000
80 122 1.0000000000
80 383 1.0000000000
80 412 1.0000000000
80 473 1.0000000000
81 92 1.0000000000
81 239 1.0000000000
81 372 1.0000000000
82 210 1.0000000000
83 100 1.0000000000
83 206 1.0000000000
83 332 1.0000000000
83 441 1.0000000000
85 163 1.0000000000
86 88 1.0000000000
86 89 1.0000000000
86 108 1.0000000000
86 112 1.0000000000
86 130 1.0000000000
86 136 1.0000000000
86 145 1.0000000000
86 151 1.0000000000
86 171 1.0000000000
86 187 1.0000000000
86 189 1.0000000000
86 207 1.0000000000
86 233 1.0000000000
86 305 1.0000000000
86 309 1.0000000000
86 313 1.0000000000
86 378 1.0000000000
86 385 1.0000000000
88 203 1.0000000000
88 249 1.0000000000
88 343 1.0000000000
88 357 1.0000000000
88 460 1.0000000000
88 462 1.0000000000
89 109 1.0000000000
89 115 1.0000000000
89 118 1.0000000000
89 134 1.0000000000
89 137 1.0000000000
89 139 1.0000000000
89 167 1.0000000000
89 184 1.0000000000
89 192 1.0000000000
89 209 1.0000000000
89 220 1.0000000000
89 237 1.0000000000
89 261 1.0000000000
89 262 1.0000000000
89 269 1.0000000000
89 272 1.0000000000
89 376 1.0000000000
89 377 1.0000000000
90 96 1.0000000000
91 129 1.0000000000
92 453 1.0000000000
93 142 1.0000000000
93 278 1.0000000000
94 161 1.0000000000
94 374 1.0000000000
94 402 1.0000000000
95 111 1.0000000000
95 173 1.0000000000
95 235 1.0000000000
95 263 1.0000000000
95 268 1.0000000000
95 398 1.0000000000
97 103 1.0000000000
97 104 1.0000000000
97 165 1.0000000000
97 228 1.0000000000
97 319 1.0000000000
97 339 1.0000000000
97 380 1.0000000000
97 388 1.0000000000
100 256 1.0000000000
100 416 1.0000000000
100 486 1.0000000000
101 188 1.0000000000
102 131 1.0000000000
102 226 1.0000000000
104 155 1.0000000000
104 195 1.0000000000
104 211 1.0000000000
104 277 1.0000000000
104 420 1.0000000000
105 231 1.0000000000
105 310 1.0000000000
105 323 1.0000000000
105 344 1.0000000000
105 355 1.0000000000
105 361 1.0000000000
105 408 1.0000000000
105 448 1.0000000000
105 483 1.0000000000
106 193 1.0000000000
106 320 1.0000000000
106 439 1.0000000000
107 190 1.0000000000
109 335 1.0000000000
110 123 1.0000000000
110 143 1.0000000000
110 296 1.0000000000
111 144 1.0000000000
111 166 1.0000000000
111 276 1.0000000000
111 396 1.0000000000
111 447 1.0000000000
111 458 1.0000000000
112 273 1.0000000000
112 421 1.0000000000
112 428 1.0000000000
112 438 1.0000000000
113 156 1.0000000000
113 245 1.0000000000
115 465 1.0000000000
116 132 1.0000000000
116 135 1.0000000000
116 162 1.0000000000
116 175 1.0000000000
116 212 1.0000000000
116 224 1.0000000000
116 266 1.0000000000
116 387 1.0000000000
116 459 1.0000000000
117 152 1.0000000000
117 214 1.0000000000
117 222 1.0000000000
117 317 1.0000000000
117 411 1.0000000000
118 168 1.0000000000
118 219 1.0000000000
119 120 1.0000000000
119 147 1.0000000000
119 154 1.0000000000
119 157 1.0000000000
119 302 1.0000000000
119 318 1.0000000000
119 426 1.0000000000
121 125 1.0000000000
121 126 1.0000000000
121 255 1.0000000000
121 287 1.0000000000
122 191 1.0000000000
122 349 1.0000000000
124 294 1.0000000000
124 307 1.0000000000
124 381 1.0000000000
124 434 1.0000000000
125 407 1.0000000000
125 409 1.0000000000
125 413 1.0000000000
126 423 1.0000000000
127 254 1.0000000000
128 199 1.0000000000
128 279 1.0000000000
129 333 1.0000000000
129 389 1.0000000000
131 390 1.0000000000
133 270 1.0000000000
134 201 1.0000000000
134 363 1.0000000000
135 185 1.0000000000
135 194 1.0000000000
135 232 1.0000000000
135 297 1.0000000000
136 138 1.0000000000
136 153 1.0000000000
137 415 1.0000000000
138 311 1.0000000000
140 336 1.0000000000
140 431 1.0000000000
143 365 1.0000000000
145 417 1.0000000000
148 177 1.0000000000
148 285 1.0000000000
148 470 1.0000000000
150 160 1.0000000000
150 164 1.0000000000
150 205 1.0000000000
150 250 1.0000000000
150 271 1.0000000000
150 283 1.0000000000
150 326 1.0000000000
150 341 1.0000000000
150 419 1.0000000000
150 445 1.0000000000
150 454 1.0000000000
150 480 1.0000000000
151 260 1.0000000000
151 327 1.0000000000
151 342 1.0000000000
153 179 1.0000000000
153 284 1.0000000000
153 418 1.0000000000
153 444 1.0000000000
154 178 1.0000000000
154 292 1.0000000000
154 392 1.0000000000
157 476 1.0000000000
158 198 1.0000000000
160 181 1.0000000000
160 479 1.0000000000
161 246 1.0000000000
163 295 1.0000000000
165 172 1.0000000000
167 208 1.0000000000
170 265 1.0000000000
170 275 1.0000000000
173 248 1.0000000000
173 346 1.0000000000
173 360 1.0000000000
173 425 1.0000000000
173 472 1.0000000000
174 229 1.0000000000
176 315 1.0000000000
178 322 1.0000000000
181 204 1.0000000000
183 186 1.0000000000
185 286 1.0000000000
186 236 1.0000000000
186 352 1.0000000000
188 484 1.0000000000
188 485 1.0000000000
189 225 1.0000000000
190 267 1.0000000000
193 221 1.0000000000
193 242 1.0000000000
193 247 1.0000000000
196 215 1.0000000000
197 241 1.0000000000
199 258 1.0000000000
201 353 1.0000000000
202 312 1.0000000000
202 367 1.0000000000
205 304 1.0000000000
206 345 1.0000000000
207 432 1.0000000000
208 362 1.0000000000
211 400 1.0000000000
213 223 1.0000000000
213 329 1.0000000000
213 457 1.0000000000
215 316 1.0000000000
217 251 1.0000000000
217 252 1.0000000000
220 259 1.0000000000
221 375 1.0000000000
221 468 1.0000000000
223 238 1.0000000000
223 340 1.0000000000
224 264 1.0000000000
228 308 1.0000000000
230 240 1.0000000000
231 321 1.0000000000
232 334 1.0000000000
240 366 1.0000000000
241 464 1.0000000000
244 328 1.0000000000
245 351 1.0000000000
246 338 1.0000000000
246 368 1.0000000000
247 440 1.0000000000
248 401 1.0000000000
251 482 1.0000000000
254 331 1.0000000000
256 350 1.0000000000
256 364 1.0000000000
257 300 1.0000000000
257 382 1.0000000000
258 354 1.0000000000
271 291 1.0000000000
278 437 1.0000000000
281 325 1.0000000000
281 373 1.0000000000
281 406 1.0000000000
284 461 1.0000000000
285 348 1.0000000000
286 394 1.0000000000
305 450 1.0000000000
306 314 1.0000000000
309 384 1.0000000000
323 371 1.0000000000
324 347 1.0000000000
333 356 1.0000000000
336 379 1.0000000000
347 358 1.0000000000
347 424 1.0000000000
350 386 1.0000000000
355 359 1.0000000000
365 463 1.0000000000
369 481 1.0000000000
374 405 1.0000000000
384 475 1.0000000000
388 403 1.0000000000
388 456 1.0000000000
390 435 1.0000000000
407 430 1.0000000000
408 487 1.0000000000
423 427 1.0000000000
430 489 1.0000000000
433 446 1.0000000000
439 478 1.0000000000
443 455 1.0000000000
446 452 1.0000000000
